0.111 0.06 -0.11 0.11
0.361 0.06 -0.11 0.11
0.561 0.06 -0.11 0.11
0.761 0.06 -0.11 0.11
0.961 0.06 -0.11 0.11
1.261 0.06 -0.11 0.11
1.611 0.06 -0.11 0.11
1.911 0.06 -0.11 0.11
2.261 0.06 -0.11 0.11
2.611 0.06 -0.11 0.11
2.911 0.06 -0.11 0.11
3.211 0.06 -0.11 0.11
3.461 0.06 -0.11 0.11
3.711 0.06 -0.11 0.11
3.961 0.06 -0.11 0.11
4.211 0.06 -0.11 0.11
4.461 0.06 -0.11 0.11
4.761 0.06 -0.11 0.11
5.111 0.06 -0.11 0.11
5.461 0.06 -0.11 0.11
5.711 0.06 -0.11 0.11
0.111 0.16 -0.11 0.11
0.361 0.16 -0.11 0.11
0.461 0.06 -0.26 0.11
0.461 0.06 -0.51 0.11
0.461 0.06 -0.71 0.11
0.461 0.06 -0.91 0.11
0.461 0.06 -1.11 0.11
0.461 0.06 -1.31 0.11
0.461 0.06 -1.51 0.11
0.461 0.06 -1.71 0.11
0.461 0.06 -1.91 0.11
0.461 0.06 -2.16 0.11
0.461 0.06 -2.31 0.26
0.461 0.06 -2.56 0.26
0.461 0.06 -2.81 0.26
0.461 0.06 -2.86 0.46
0.461 0.06 -3.06 0.51
0.461 0.06 -3.26 0.56
0.461 0.06 -3.26 0.76
0.461 0.06 -3.26 1.06
0.461 0.06 -3.26 1.36
0.461 0.26 -3.21 1.36
0.461 0.41 -3.36 1.36
0.461 0.26 -3.36 1.51
0.661 0.41 -3.36 1.41
0.861 0.41 -3.36 1.41
0.211 0.41 -3.36 1.41
1.111 0.41 -3.36 1.41
1.411 0.41 -3.36 1.41
1.611 0.41 -3.36 1.41
1.911 0.41 -3.36 1.41
2.261 0.41 -3.36 1.41
2.511 0.41 -3.36 1.41
2.861 0.41 -3.36 1.41
3.161 0.41 -3.36 1.41
3.511 0.41 -3.36 1.41
3.811 0.41 -3.36 1.41
4.161 0.41 -3.36 1.41
4.461 0.41 -3.36 1.41
4.811 0.41 -3.36 1.41
5.061 0.41 -3.36 1.41
5.411 0.41 -3.36 1.41
5.711 0.41 -3.36 1.41
5.811 0.61 -3.36 1.41
5.811 0.81 -3.36 1.41
5.561 0.86 -3.36 1.41
5.211 0.86 -3.36 1.41
4.911 0.86 -3.36 1.41
4.561 0.86 -3.36 1.41
4.211 0.86 -3.36 1.41
3.911 0.86 -3.36 1.41
3.511 0.86 -3.36 1.41
3.211 0.86 -3.36 1.41
2.861 0.86 -3.36 1.41
2.511 0.86 -3.36 1.41
2.311 0.81 -3.36 1.41
2.311 0.61 -3.36 1.41
2.311 1.06 -3.36 1.41
2.311 1.26 -3.36 1.41
2.311 1.46 -3.36 1.41
2.311 1.71 -3.36 1.41
2.311 1.91 -3.36 1.41
2.311 2.21 -3.36 1.41
2.061 2.16 -3.36 1.41
1.761 2.16 -3.36 1.41
1.561 2.16 -3.36 1.41
1.261 2.16 -3.36 1.41
1.061 2.16 -3.36 1.41
0.761 2.16 -3.36 1.41
0.561 2.16 -3.36 1.41
0.261 2.16 -3.36 1.41
0.011 2.16 -3.36 1.41
2.611 2.16 -3.36 1.41
2.911 2.16 -3.36 1.41
3.261 2.16 -3.36 1.41
3.611 2.16 -3.36 1.41
3.911 2.16 -3.36 1.41
4.261 2.16 -3.36 1.41
4.611 2.16 -3.36 1.41
4.911 2.16 -3.36 1.41
5.261 2.16 -3.36 1.41
5.561 2.16 -3.36 1.41
5.811 2.16 -3.36 1.41
5.811 1.91 -3.36 1.41
5.811 2.41 -3.36 1.41
5.811 1.71 -3.36 1.41
5.811 1.51 -3.36 1.41
5.811 1.21 -3.36 1.41
5.811 0.21 -3.36 1.41
5.811 0.11 -3.16 1.41
5.811 0.11 -2.86 1.41
5.811 0.11 -2.61 1.41
5.561 0.11 -2.56 1.41
5.211 0.11 -2.56 1.41
4.911 0.11 -2.56 1.41
4.561 0.11 -2.56 1.41
4.311 0.11 -2.56 1.41
3.961 0.11 -2.56 1.41
3.661 0.11 -2.56 1.41
3.311 0.11 -2.56 1.41
2.961 0.11 -2.56 1.41
2.661 0.11 -2.56 1.41
2.311 0.11 -2.56 1.41
1.961 0.11 -2.56 1.41
1.661 0.11 -2.56 1.41
1.461 0.11 -2.56 1.41
1.161 0.11 -2.56 1.41
0.811 0.11 -2.56 1.41
0.511 0.11 -2.56 1.41
0.161 0.11 -2.56 1.41
0.261 0.41 -2.56 1.41
0.261 0.76 -2.56 1.41
0.261 1.06 -2.56 1.41
0.261 0.96 -2.31 1.41
0.261 0.96 -1.96 1.41
0.261 0.96 -1.66 1.41
0.261 0.96 -1.46 1.41
0.261 0.96 -1.26 1.41
0.261 0.96 -2.81 1.41
0.261 0.96 -3.11 1.41
0.261 0.96 -3.41 1.41
0.261 0.96 -3.71 1.41
0.361 1.06 -3.86 1.41
0.661 1.06 -3.86 1.41
0.861 1.06 -3.86 1.41
0.111 1.01 -3.86 1.41
0.561 0.16 -0.11 0.11
0.761 0.16 -0.11 0.11
0.561 0.06 -1.56 0.31
0.561 0.06 -1.36 0.41
0.561 0.06 -1.76 0.41
0.561 0.06 -2.11 0.41
0.561 0.06 -2.41 0.41
0.561 0.06 -2.66 0.41
0.561 0.06 -2.71 0.61
0.111 0.11 -0.11 0.11
0.361 0.11 -0.11 0.11
0.111 0.16 -0.11 0.11
0.111 0.31 -0.11 0.11
0.061 0.06 -0.11 0.11
0.211 0.06 -0.11 0.11
0.361 0.06 -0.11 0.11
0.461 0.06 -0.16 0.11
0.561 0.06 -0.16 0.11
0.611 0.06 -0.26 0.11
0.611 0.06 -0.41 0.11
0.611 0.06 -0.51 0.11
0.611 0.06 -0.61 0.11
0.611 0.06 -0.71 0.11
0.611 0.06 -0.81 0.11
0.611 0.06 -0.91 0.11
0.611 0.06 -1.01 0.11
0.611 0.06 -1.11 0.11
0.611 0.06 -1.21 0.11
0.611 0.06 -1.31 0.11
0.611 0.06 -1.41 0.11
0.611 0.06 -1.51 0.11
0.611 0.06 -1.61 0.11
0.611 0.06 -1.71 0.11
0.611 0.06 -1.81 0.11
0.611 0.06 -1.91 0.11
0.611 0.06 -2.06 0.11
0.611 0.06 -2.21 0.06
0.611 0.06 -2.26 0.16
0.611 0.06 -2.31 0.26
0.611 0.06 -2.46 0.26
0.611 0.06 -2.56 0.31
0.611 0.06 -2.66 0.41
0.611 0.06 -2.76 0.51
0.611 0.06 -2.86 0.61
0.611 0.06 -3.01 0.61
0.611 0.06 -2.91 0.51
0.611 0.06 -2.81 0.41
0.611 0.06 -2.71 0.31
0.611 0.06 -2.66 0.21
0.611 0.06 -2.56 0.16
0.611 0.11 -2.56 0.06
0.611 0.21 -2.61 0.06
0.611 0.16 -2.46 0.06
0.611 0.06 -2.36 0.06
